1000 3
41 32 28 32 
5 12 14 12 
10 17 15 16 
31 15 15 14 
44 18 16 15 
16 21 20 20 
3 24 26 22 
33 20 16 21 
34 38 31 31 
35 30 31 29 
44 13 11 12 
44 31 24 30 
25 19 22 19 
48 9 8 11 
16 18 20 19 
32 15 16 19 
37 22 23 20 
8 28 28 28 
33 8 6 12 
30 17 12 10 
6 29 29 27 
18 36 34 31 
26 22 20 22 
0 25 25 20 
37 23 25 23 
40 13 13 11 
30 17 18 19 
50 16 13 16 
32 24 23 23 
5 19 19 19 
41 17 19 18 
0 30 25 26 
32 20 19 18 
12 7 13 9 
33 32 33 28 
22 13 13 14 
14 22 17 19 
34 17 24 24 
1 26 30 25 
0 16 12 17 
41 21 24 20 
45 15 16 15 
8 30 33 27 
39 24 21 24 
27 16 13 12 
23 22 22 20 
45 18 20 20 
10 12 13 17 
50 32 31 33 
34 28 25 28 
47 14 16 15 
2 29 28 27 
22 18 19 20 
15 30 33 33 
45 21 22 21 
7 26 26 27 
2 18 21 21 
0 24 29 26 
40 12 13 14 
13 27 27 27 
25 23 21 13 
26 17 21 21 
5 23 23 21 
6 20 29 22 
33 32 26 32 
16 30 29 27 
13 20 15 19 
17 18 24 19 
37 26 21 21 
4 14 13 11 
8 32 31 31 
39 13 14 20 
29 17 12 10 
48 26 27 25 
43 31 32 31 
50 13 16 15 
12 18 18 20 
42 16 12 16 
15 20 20 24 
29 21 21 21 
45 22 22 21 
26 30 30 31 
12 21 21 22 
13 12 11 11 
39 12 10 9 
8 22 23 20 
19 11 10 11 
32 35 36 34 
8 34 27 28 
43 31 32 30 
12 11 15 17 
3 15 24 16 
44 17 19 16 
1 26 26 24 
29 24 22 21 
16 28 31 30 
2 24 21 25 
42 22 24 22 
30 30 37 38 
17 33 29 31 
39 14 14 15 
5 9 14 15 
49 11 11 13 
27 40 35 35 
9 15 15 14 
36 33 35 35 
3 15 16 15 
11 16 16 17 
2 13 17 14 
48 36 34 33 
23 29 39 29 
32 16 15 7 
47 25 26 26 
49 34 36 34 
48 21 18 18 
15 23 23 23 
2 25 31 25 
18 8 9 12 
48 30 29 30 
39 15 21 22 
16 31 24 31 
30 13 18 23 
32 27 26 26 
21 17 18 17 
17 10 10 11 
32 24 24 24 
42 18 14 21 
19 33 32 25 
2 32 32 37 
16 20 21 20 
14 9 10 10 
28 28 29 30 
9 29 29 28 
49 21 26 20 
43 24 24 25 
13 30 29 30 
48 25 27 28 
50 31 33 34 
4 31 33 26 
15 18 18 14 
4 23 20 19 
47 34 34 34 
9 35 36 34 
30 13 13 15 
2 11 11 12 
35 26 27 26 
28 22 18 21 
17 12 13 12 
47 23 17 23 
24 22 19 19 
47 19 23 23 
7 34 38 34 
17 19 19 17 
25 27 29 27 
42 18 18 17 
47 31 33 34 
33 35 35 36 
2 18 23 24 
45 22 22 22 
23 15 16 20 
19 21 22 21 
35 32 32 33 
33 20 22 22 
35 15 16 16 
26 23 26 23 
6 11 13 11 
4 24 26 20 
12 13 16 17 
32 20 18 14 
23 24 22 24 
40 19 19 15 
32 27 26 27 
41 15 14 13 
4 24 23 19 
6 29 33 36 
0 27 24 28 
12 37 40 36 
45 31 28 33 
33 18 17 16 
4 20 16 16 
19 9 14 14 
42 19 22 22 
2 19 17 17 
10 22 21 20 
0 31 32 32 
41 25 25 26 
15 33 36 37 
14 22 27 27 
22 32 37 36 
8 32 32 34 
5 20 15 15 
1 27 33 29 
15 35 35 36 
43 27 24 23 
8 17 21 21 
24 25 22 30 
30 24 23 22 
38 29 29 29 
16 27 28 25 
28 14 12 14 
29 32 29 32 
17 28 28 30 
14 20 29 30 
9 12 11 13 
47 8 11 12 
47 17 15 19 
46 30 34 35 
38 17 18 18 
1 21 18 21 
9 9 12 9 
2 20 19 20 
43 34 35 33 
30 21 18 23 
20 33 27 34 
46 37 35 35 
11 22 20 22 
33 25 24 26 
34 16 25 17 
33 27 28 27 
12 33 31 29 
25 34 35 35 
6 13 13 13 
40 28 26 26 
17 23 25 20 
2 33 35 31 
6 18 19 16 
45 28 26 30 
39 21 26 23 
27 30 26 30 
8 15 17 15 
8 16 18 16 
32 22 23 25 
5 20 20 18 
41 12 8 12 
10 16 14 16 
25 32 31 25 
21 29 29 29 
9 18 19 12 
25 31 30 34 
1 23 20 20 
20 29 27 29 
5 12 15 8 
34 31 34 32 
26 14 22 19 
2 30 23 25 
20 22 23 23 
27 24 24 24 
40 17 17 18 
31 26 27 31 
36 30 29 28 
35 19 12 17 
33 17 16 14 
47 33 35 32 
12 13 15 19 
30 28 30 26 
2 28 29 30 
46 20 12 19 
41 29 28 25 
5 23 26 22 
26 13 15 13 
34 32 34 36 
48 10 10 9 
27 27 27 28 
39 24 25 25 
2 25 25 30 
21 30 30 30 
20 12 11 11 
36 20 21 21 
25 34 35 38 
38 23 23 21 
38 23 21 21 
18 33 31 34 
46 31 34 35 
11 26 25 25 
26 28 32 28 
2 33 31 33 
50 11 12 11 
11 13 12 14 
42 24 25 27 
43 25 25 19 
11 18 17 25 
0 28 27 28 
39 19 19 20 
48 35 37 36 
6 11 11 14 
1 12 13 19 
4 37 35 35 
28 33 34 32 
8 28 33 35 
34 7 10 9 
7 29 26 29 
10 26 28 29 
6 25 26 25 
42 34 32 26 
40 37 33 35 
26 19 18 20 
38 12 13 13 
12 32 33 31 
17 13 12 9 
2 33 37 36 
35 21 21 20 
15 14 15 16 
22 26 20 24 
30 24 29 31 
5 17 19 17 
49 12 9 13 
17 14 14 19 
25 20 24 19 
46 20 21 21 
26 26 27 27 
4 31 36 30 
6 17 19 18 
43 19 17 16 
30 33 32 39 
23 15 16 14 
30 35 34 34 
10 33 31 33 
37 27 28 28 
10 34 34 35 
34 20 17 21 
7 29 33 24 
46 12 12 12 
27 21 23 23 
46 11 8 13 
40 28 30 32 
41 16 15 15 
33 32 36 35 
16 15 16 18 
32 32 34 34 
40 33 37 35 
8 27 25 24 
13 17 14 22 
11 28 30 28 
30 23 17 21 
9 23 31 28 
22 33 35 34 
2 22 22 23 
16 16 15 16 
23 28 28 28 
23 15 15 16 
29 11 15 15 
28 20 21 18 
24 36 34 33 
10 16 19 17 
45 26 26 23 
47 16 19 21 
47 26 26 23 
35 20 16 14 
29 30 32 30 
12 31 28 33 
16 24 26 24 
25 21 22 24 
33 29 30 30 
34 15 14 16 
22 14 14 15 
13 26 26 25 
42 30 35 27 
26 26 27 26 
40 34 38 32 
19 13 13 15 
27 22 19 24 
50 14 15 16 
4 25 31 25 
11 28 26 26 
8 33 29 32 
35 30 29 27 
27 14 13 17 
21 11 10 12 
15 26 27 25 
32 35 27 30 
42 10 10 10 
32 32 34 34 
2 15 17 14 
45 25 17 21 
28 35 37 34 
0 21 22 21 
37 13 13 11 
23 12 15 15 
26 17 23 23 
44 31 30 31 
19 14 15 18 
11 17 20 16 
6 23 24 25 
47 27 28 26 
2 34 34 32 
4 16 10 20 
8 12 11 11 
28 33 36 38 
32 31 30 30 
18 27 29 30 
9 28 28 27 
17 24 24 28 
45 7 12 7 
14 14 18 13 
1 27 31 27 
20 20 18 16 
41 11 19 12 
43 33 32 31 
21 13 13 15 
17 26 27 24 
25 32 33 34 
38 22 22 21 
29 36 32 35 
16 14 7 13 
5 27 31 30 
11 26 28 28 
42 10 16 15 
14 32 36 38 
41 12 10 10 
28 15 18 20 
8 23 19 22 
19 14 17 12 
29 16 20 17 
24 19 21 18 
13 23 21 22 
37 23 19 19 
7 36 31 32 
35 17 22 20 
5 12 12 13 
3 14 16 13 
46 19 21 19 
45 30 28 25 
12 31 31 31 
2 19 19 17 
30 24 25 23 
26 21 16 18 
26 15 17 22 
40 20 22 20 
35 17 22 13 
23 15 17 15 
8 15 19 19 
46 14 12 14 
11 13 15 15 
47 33 33 28 
24 32 26 25 
17 12 11 12 
41 11 14 10 
49 27 23 25 
31 25 27 24 
29 19 17 19 
25 30 32 31 
5 17 11 19 
26 19 18 17 
26 15 16 20 
43 23 17 18 
4 34 31 33 
38 24 24 21 
26 30 25 24 
43 29 29 28 
0 18 11 21 
20 23 23 20 
34 24 25 26 
5 30 27 28 
19 32 31 29 
14 25 24 23 
37 17 21 15 
31 27 25 26 
26 32 31 33 
37 13 10 10 
0 32 32 33 
34 14 17 17 
35 25 33 26 
49 10 10 17 
6 25 24 25 
5 25 33 26 
49 32 26 32 
46 23 24 23 
33 16 15 16 
1 21 21 21 
39 25 31 25 
34 27 28 28 
14 12 17 16 
40 32 28 29 
17 18 19 17 
39 24 29 26 
35 32 32 30 
7 13 14 15 
12 18 18 16 
24 29 29 29 
9 15 21 22 
28 24 25 25 
1 23 22 19 
36 33 34 36 
19 22 26 26 
48 18 18 15 
41 28 26 24 
24 26 32 27 
25 32 25 30 
19 29 29 31 
2 32 31 31 
25 27 26 28 
11 23 23 23 
17 12 13 11 
19 19 18 20 
21 22 32 23 
14 17 17 19 
14 26 25 27 
1 20 11 20 
46 29 34 28 
38 25 25 23 
40 28 24 27 
49 11 13 9 
31 38 31 36 
7 20 19 16 
32 32 33 32 
28 11 12 12 
43 12 8 12 
18 34 31 34 
36 28 26 29 
47 29 29 28 
39 32 33 35 
49 22 21 18 
6 25 24 23 
32 17 20 21 
47 22 25 22 
37 18 18 18 
44 25 28 27 
43 27 24 28 
47 23 29 26 
8 29 27 27 
45 17 17 18 
16 21 25 22 
37 29 30 30 
34 21 20 19 
1 17 20 20 
2 19 17 17 
2 14 16 15 
27 32 31 29 
48 32 32 36 
13 23 19 17 
8 8 8 11 
10 20 17 14 
28 22 18 23 
29 23 23 22 
0 18 26 21 
8 24 25 24 
50 32 36 33 
46 28 28 27 
13 15 14 15 
2 34 33 35 
27 11 12 14 
39 23 22 24 
39 14 15 14 
48 35 31 37 
25 13 14 14 
12 24 18 21 
1 12 15 13 
42 29 26 25 
34 28 26 27 
22 13 16 16 
3 23 22 18 
25 23 15 19 
4 28 28 30 
1 30 29 35 
3 14 17 16 
11 23 27 20 
45 20 21 19 
24 20 19 23 
9 20 20 20 
46 21 29 20 
12 27 22 21 
15 16 15 16 
1 15 8 15 
36 23 28 28 
44 38 32 37 
17 18 22 16 
37 34 36 35 
14 23 24 22 
18 13 15 16 
30 32 31 34 
8 17 13 20 
20 25 27 24 
45 22 20 12 
6 38 34 38 
4 20 20 20 
26 17 14 21 
31 30 33 32 
7 13 10 12 
9 30 31 34 
20 24 23 29 
17 16 16 19 
30 34 29 31 
14 16 13 16 
1 20 18 22 
24 24 24 24 
40 21 21 20 
37 27 26 29 
38 12 18 15 
41 20 18 20 
5 34 34 35 
6 13 15 15 
35 32 34 34 
44 22 18 23 
7 19 19 26 
20 32 31 31 
0 27 25 23 
34 22 22 18 
35 22 22 23 
30 16 18 18 
8 18 25 26 
39 19 21 19 
34 22 21 22 
46 29 34 34 
30 14 16 16 
39 12 16 11 
26 14 11 14 
8 12 12 14 
20 32 32 30 
45 13 15 11 
8 25 25 23 
7 16 17 16 
10 30 28 31 
33 27 23 24 
7 31 36 35 
43 33 31 31 
6 34 32 33 
4 34 35 28 
35 23 23 24 
5 34 35 34 
14 17 15 18 
48 31 32 34 
4 20 16 18 
27 14 18 14 
1 16 18 14 
26 14 8 8 
42 28 26 28 
20 34 31 28 
45 18 22 20 
31 14 12 12 
15 12 16 16 
16 16 18 16 
18 23 25 25 
35 9 13 14 
38 31 35 39 
20 16 19 16 
22 26 25 24 
24 15 18 10 
38 15 23 18 
18 14 12 15 
32 15 13 15 
42 31 27 30 
25 26 24 25 
44 28 29 29 
31 17 18 18 
8 30 28 31 
29 16 12 14 
17 17 15 14 
49 27 27 28 
48 15 12 14 
40 30 30 30 
11 33 34 34 
44 18 12 17 
11 26 23 23 
14 29 28 26 
48 32 31 34 
19 15 11 13 
23 18 16 16 
16 11 12 13 
15 16 12 15 
39 10 9 8 
31 18 18 18 
49 12 11 11 
24 12 15 15 
36 34 29 29 
36 16 14 18 
16 30 32 30 
12 28 28 27 
38 33 32 30 
29 16 17 15 
38 32 27 29 
23 32 34 34 
6 22 22 21 
19 33 31 31 
43 15 13 13 
45 17 22 27 
4 19 20 20 
9 18 27 22 
4 25 26 26 
18 23 19 23 
30 12 17 9 
5 21 23 25 
27 21 17 21 
10 15 20 22 
7 26 30 32 
41 23 23 21 
12 24 26 30 
17 35 35 32 
28 30 27 31 
18 14 14 13 
2 35 37 35 
48 16 14 20 
8 30 28 30 
19 22 20 22 
13 17 17 18 
2 9 11 9 
22 31 38 33 
18 29 28 27 
42 29 28 25 
34 21 20 21 
0 12 14 13 
18 30 33 34 
10 27 33 32 
28 34 33 33 
4 30 32 33 
28 31 32 29 
18 13 11 11 
45 14 14 12 
31 18 24 20 
14 14 14 16 
30 27 27 24 
15 15 14 21 
44 24 24 25 
5 28 26 32 
19 39 33 37 
45 27 27 23 
17 19 15 11 
34 19 20 18 
37 31 29 29 
0 23 25 21 
33 19 16 19 
26 30 26 24 
42 16 15 16 
20 34 34 33 
3 13 9 13 
43 30 30 29 
23 18 19 18 
45 27 28 27 
1 35 35 34 
36 14 15 13 
11 30 30 31 
28 18 20 20 
9 14 15 13 
48 34 35 32 
49 20 18 17 
35 22 19 21 
27 24 26 28 
18 16 18 14 
31 20 16 21 
13 31 24 26 
14 20 20 19 
14 17 19 21 
8 29 29 29 
23 29 28 23 
50 36 36 36 
2 22 24 22 
12 32 35 33 
35 34 35 34 
13 34 32 39 
2 30 28 31 
11 16 17 18 
35 15 15 17 
32 33 35 35 
9 23 24 26 
27 27 26 28 
40 34 35 34 
8 23 23 17 
13 37 35 31 
24 32 31 28 
13 25 26 26 
18 25 23 27 
18 21 22 22 
43 35 35 35 
20 20 17 18 
46 35 32 38 
10 28 32 28 
30 22 25 22 
15 21 18 21 
18 20 18 18 
41 31 32 32 
8 27 26 24 
23 27 35 30 
41 15 12 12 
41 27 28 26 
6 36 35 32 
28 9 14 12 
21 21 30 28 
0 31 37 34 
48 12 12 12 
36 34 33 34 
40 20 21 26 
20 38 34 38 
45 21 14 14 
0 13 12 13 
40 12 9 8 
7 20 19 21 
20 12 12 15 
47 9 10 8 
32 24 17 23 
5 13 21 18 
24 17 16 16 
17 19 25 21 
29 18 14 20 
19 16 13 10 
27 22 19 23 
44 27 26 27 
42 15 20 15 
10 20 19 19 
18 25 25 23 
34 19 16 16 
37 17 18 18 
48 19 20 20 
26 14 12 11 
32 15 20 17 
45 18 10 9 
38 28 29 28 
0 29 31 28 
10 28 27 31 
27 11 21 21 
4 29 28 28 
40 17 23 22 
33 19 19 20 
44 28 29 30 
25 11 12 13 
31 36 26 33 
48 21 20 19 
12 24 24 20 
11 27 26 24 
35 27 23 24 
13 20 19 20 
13 31 33 33 
6 21 25 26 
44 33 35 31 
7 32 23 28 
10 27 24 23 
20 15 10 11 
29 13 11 16 
12 18 17 11 
35 14 15 15 
17 32 32 30 
12 27 25 24 
26 28 22 21 
35 28 26 21 
18 31 32 30 
31 9 17 14 
26 36 33 34 
20 23 24 22 
10 22 21 23 
0 19 20 19 
19 11 12 6 
24 21 12 11 
22 13 13 14 
28 34 33 33 
46 19 19 29 
3 25 24 24 
41 16 17 16 
22 26 25 27 
48 27 25 23 
20 28 27 22 
10 17 14 16 
27 17 19 18 
45 9 12 15 
22 14 15 15 
17 27 22 23 
34 32 34 35 
31 32 30 28 
29 21 20 19 
3 21 22 23 
9 16 13 19 
23 29 34 28 
42 19 19 21 
39 33 28 27 
22 35 29 29 
48 31 30 27 
4 27 28 27 
4 33 33 35 
18 30 35 33 
1 28 30 30 
10 37 37 35 
30 10 10 13 
0 38 29 36 
47 25 33 31 
39 20 17 21 
34 28 26 26 
20 26 25 26 
48 7 7 10 
48 24 20 24 
34 15 14 15 
8 30 37 31 
38 21 16 22 
27 33 33 37 
46 19 20 21 
6 11 18 20 
26 15 20 17 
31 21 28 21 
28 13 15 14 
7 19 17 17 
28 21 25 19 
17 18 20 19 
0 20 18 22 
28 35 35 35 
29 24 23 25 
32 19 21 21 
47 24 26 27 
15 38 35 33 
20 16 18 14 
4 33 34 29 
12 25 26 26 
32 32 31 33 
10 19 14 15 
42 14 14 15 
31 32 29 34 
9 16 24 22 
7 30 29 31 
36 13 12 11 
23 14 15 15 
27 13 17 10 
47 25 23 23 
38 22 18 19 
6 28 24 24 
40 32 36 32 
2 27 18 24 
12 29 27 27 
36 31 30 30 
26 19 16 16 
1 31 29 27 
15 20 21 19 
15 30 33 29 
40 29 28 27 
35 29 22 24 
50 13 13 14 
45 16 16 13 
17 24 25 25 
17 11 17 18 
30 35 34 35 
23 37 30 30 
22 32 37 33 
14 30 28 28 
35 25 26 28 
45 26 29 28 
12 12 12 11 
13 38 32 34 
16 19 19 18 
32 28 28 29 
16 10 12 13 
36 12 14 11 
24 16 16 14 
49 25 21 21 
3 27 28 27 
7 32 32 31 
12 17 15 19 
48 21 21 20 
50 24 26 25 
21 19 20 16 
48 19 21 20 
24 21 21 22 
12 11 10 12 
21 22 22 14 
30 8 14 13 
20 23 19 24 
14 21 20 20 
32 28 35 34 
16 13 13 15 
20 32 29 29 
4 25 31 30 
4 23 20 17 
39 17 21 26 
16 28 25 28 
31 15 13 7 
43 20 25 26 
13 38 39 30 
10 36 35 34 
47 14 10 11 
25 32 31 25 
41 18 22 22 
21 20 21 23 
23 21 22 23 
7 35 32 32 
27 32 28 32 
19 12 13 12 
27 33 32 32 
1 22 22 15 
12 31 28 31 
38 22 18 19 
31 14 13 12 
40 11 12 10 
45 18 18 22 
28 13 12 15 
41 24 27 27 
43 29 29 28 
9 25 25 25 
22 33 29 33 
49 18 21 20 
44 13 13 9 
0 15 17 16 
11 20 21 24 
19 13 16 10 
41 20 18 20 
15 12 18 13 
38 14 16 15 
17 28 23 26 
37 38 32 37 
23 14 8 8 
39 34 32 34 
48 23 25 28 
45 24 24 25 
1 21 22 21 
45 33 36 38 
41 34 36 36 
18 28 26 25 
9 25 20 21