50 3
41 27 38 28 
5 33 39 29 
10 31 39 28 
31 28 39 25 
44 33 41 26 
16 31 38 28 
3 31 41 25 
33 33 39 25 
34 32 39 25 
35 33 37 28 
44 31 41 29 
44 29 40 25 
25 31 41 28 
48 30 39 29 
16 34 40 26 
32 28 40 26 
37 28 40 25 
8 30 40 28 
33 31 37 26 
30 32 39 28 
6 31 41 28 
18 31 37 26 
26 33 38 28 
0 27 38 27 
37 26 37 25 
40 31 40 29 
30 27 38 28 
50 33 39 27 
32 29 37 29 
5 33 41 25 
41 28 40 29 
0 26 39 29 
32 30 39 26 
12 30 41 27 
33 26 38 29 
22 30 38 25 
14 32 39 27 
34 27 39 27 
1 34 41 28 
0 34 39 26 
41 30 41 29 
45 33 41 29 
8 33 41 27 
39 32 37 28 
27 28 37 29 
23 32 40 28 
45 27 40 25 
10 26 41 27 
50 30 38 26 
34 33 39 25 
