100 3
0 24 24 21 
0 29 29 26 
0 30 30 27 
0 25 25 22 
0 25 25 22 
0 30 30 27 
0 29 29 26 
0 24 24 21 
0 26 26 23 
0 30 30 27 
0 30 30 27 
0 27 27 24 
0 24 24 21 
0 31 31 28 
0 26 26 23 
0 28 28 25 
0 30 30 27 
0 26 26 23 
0 24 24 21 
0 26 26 23 
0 31 31 28 
0 29 29 26 
0 29 29 26 
0 30 30 27 
0 26 26 23 
0 27 27 24 
0 27 27 24 
0 27 27 24 
0 28 28 25 
0 28 28 25 
0 31 31 28 
0 31 31 28 
0 29 29 26 
0 30 30 27 
0 29 29 26 
0 26 26 23 
0 27 27 24 
0 30 30 27 
0 31 31 28 
0 31 31 28 
0 26 26 23 
0 25 25 22 
0 28 28 25 
0 24 24 21 
0 27 27 24 
0 27 27 24 
0 30 30 27 
0 27 27 24 
0 27 27 24 
0 29 29 26 
0 27 27 24 
0 26 26 23 
0 29 29 26 
0 31 31 28 
0 30 30 27 
0 30 30 27 
0 27 27 24 
0 26 26 23 
0 29 29 26 
0 32 32 29 
0 30 30 27 
0 24 24 21 
0 28 28 25 
0 25 25 22 
0 26 26 23 
0 31 31 28 
0 31 31 28 
0 29 29 26 
0 29 29 26 
0 27 27 24 
0 27 27 24 
0 27 27 24 
0 24 24 21 
0 28 28 25 
0 27 27 24 
0 29 29 26 
0 28 28 25 
0 28 28 25 
0 26 26 23 
0 29 29 26 
0 30 30 27 
0 28 28 25 
0 27 27 24 
0 30 30 27 
0 27 27 24 
0 28 28 25 
0 25 25 22 
0 24 24 21 
0 28 28 25 
0 25 25 22 
0 31 31 28 
0 26 26 23 
0 31 31 28 
0 29 29 26 
0 29 29 26 
0 28 28 25 
0 25 25 22 
0 27 27 24 
0 30 30 27 
0 27 27 24